Début de la partie
0.001
-0.638
-0.016
-0.006
-0.005
0.0
0.0
0.0
0.0
0.0
-0.001
-0.001
-0.001
-0.001
0.0
0.0
-0.001
0.0
0.001
0.0
-0.596
-0.011
0.0
0.0
0.0
0.0
0.0
0.0
0.0
0.0
0.0
0.0
0.0
0.0
0.0
0.0
0.0
0.0
-0.001
-0.164
-0.008
0.0
0.0
0.0
0.0
0.0
0.0
0.0
0.0
0.0
-0.6283185307179586
-0.324
-0.004
0.0
0.0
0.0
0.0
0.0
0.0
0.0
0.0
0.0
0.0
0.0
0.0
0.0
0.0
0.0
0.0
0.0
0.0
0.0
0.0
0.0
0.0
0.0
0.0
0.0
0.0
0.0
0.0
0.0
0.0
-0.426
-0.007
0.0
-0.001
0.0
0.001
0.0
-0.001
0.0
0.001
0.0
-0.001
0.0
0.001
0.0
-0.001
0.0
0.001
0.0
-0.001
0.0
0.001
0.0
-0.001
0.0
0.001
0.0
-0.001
