Début de la partie
0.41
0.012
0.001
0.0
0.0
0.0
0.0
0.0
-0.001
0.0
0.001
0.0
-0.001
0.0
0.001
0.0
0.259
0.013
0.0
0.0
0.0
0.0
0.0
0.001
0.0
-0.001
0.0
0.001
0.101
0.005
0.0
0.0
0.0
0.0
0.0
-0.001
0.0
0.001
0.0
-0.001
0.0
0.304
0.008
0.0
0.0
0.0
0.0
0.0
0.0
0.0
0.0
0.0
0.0
0.0
0.0
-0.001
0.0
0.001
0.0
-0.001
0.0
-0.241
-0.007
0.0
0.0
0.0
0.0
0.0
0.0
0.0
0.0
0.0
-0.001
0.0
0.001
0.0
-0.001
0.0
0.001
-0.196
-0.004
0.0
0.0
0.0
0.0
0.0
0.0
0.0
0.0
0.0
0.0
0.0
0.0
0.0
0.0
0.0
0.0
0.0
0.001
0.0
-0.001
0.0
0.001
0.0
-0.299
-0.007
-0.001
0.0
0.001
0.0
-0.001
0.0
0.001
0.0
-0.001
0.0
0.001
0.0
-0.001
0.0
0.001
0.0
-0.001
-0.6283185307179586
-0.183
-0.003
0.0
0.0
0.0
0.001
0.0
-0.001
0.0
0.001
0.0
-0.001
0.0
0.001
0.0
-0.001
0.0
0.001
0.0
-0.001
0.0
0.001
0.0
-0.001
0.0
