1.2915436464758039
2.3387411976724013
2.1642082724729588
2.3387411976724013
2.1642082724729588
-0.9075712110370514
ok
2.1642082724729588
2.3387411976724013
2.1642082724729588
-0.9075712110370514
ok
2.191461735106817
2.3387411976724013
2.191461735106817
-0.9075712110370514
ok
2.2002511126208018
2.3387411976724013
2.2002511126208018
-0.9075712110370514
ok
2.2080957488784496
2.3387411976724013
2.2080957488784496
-0.9075712110370514
ok
2.8568990328729087
2.3387411976724013
2.8568990328729087
-0.9075712110370514
ok
3.4555131068459226
2.3387411976724013
3.4555131068459226
-0.9075712110370514
ok
4.166769585498579
2.3387411976724013
ok
4.166769585498579
-0.9075712110370514
ok
4.264364976448779
2.3387411976724013
ok
4.264364976448779
-0.9075712110370514
ok
4.283800544128916
2.3387411976724013
ok
4.283800544128916
-0.9075712110370514
ok
4.290198364423529
2.3387411976724013
ok
4.290198364423529
-0.9075712110370514
ok
4.296247749490004
2.3387411976724013
ok
4.296247749490004
-0.9075712110370514
ok
5.430711763286337
2.3387411976724013
ok
5.430711763286337
-0.9075712110370514
ok
5.665289395275356
2.3387411976724013
ok
5.665289395275356
-0.9075712110370514
ok
6.282477783702881
2.3387411976724013
ok
6.282477783702881
-0.9075712110370514
ok
5.497079620305393
2.3387411976724013
ok
5.497079620305393
-0.9075712110370514
ok
5.405679369567044
2.3387411976724013
ok
5.405679369567044
-0.9075712110370514
ok
5.40110322185117
2.3387411976724013
ok
5.40110322185117
-0.9075712110370514
ok
5.400848695284059
2.3387411976724013
ok
5.400848695284059
-0.9075712110370514
ok
5.400832786208135
2.3387411976724013
ok
5.400832786208135
-0.9075712110370514
ok
5.4008316513557455
2.3387411976724013
ok
5.4008316513557455
-0.9075712110370514
ok
5.40083155708662
2.3387411976724013
ok
5.40083155708662
-0.9075712110370514
ok
5.400831547714206
2.3387411976724013
ok
5.400831547714206
-0.9075712110370514
ok
5.400831546554067
2.3387411976724013
ok
5.400831546554067
-0.9075712110370514
ok
5.40083154636373
2.3387411976724013
ok
5.40083154636373
-0.9075712110370514
ok
5.457863739721106
2.3387411976724013
ok
5.457863739721106
-0.9075712110370514
ok
5.464983804713811
2.3387411976724013
ok
5.464983804713811
-0.9075712110370514
ok
5.466165011473504
2.3387411976724013
ok
5.466165011473504
-0.9075712110370514
ok
5.466456842733995
2.3387411976724013
ok
5.466456842733995
-0.9075712110370514
ok
5.4665980034203345
2.3387411976724013
ok
5.4665980034203345
-0.9075712110370514
ok
6.217399562058227
2.3387411976724013
ok
6.217399562058227
-0.9075712110370514
ok
6.251766977319066
2.3387411976724013
ok
6.251766977319066
-0.9075712110370514
ok
6.253589651884387
2.3387411976724013
ok
6.253589651884387
-0.9075712110370514
ok
6.253697672277373
2.3387411976724013
ok
6.253697672277373
-0.9075712110370514
ok
6.253704925264917
2.3387411976724013
ok
6.253704925264917
-0.9075712110370514
ok
6.253705486944686
2.3387411976724013
ok
6.253705486944686
-0.9075712110370514
ok
6.253705538320124
2.3387411976724013
ok
6.253705538320124
-0.9075712110370514
ok
6.253705544058733
2.3387411976724013
ok
6.253705544058733
-0.9075712110370514
ok
6.253705544881808
2.3387411976724013
ok
6.253705544881808
-0.9075712110370514
ok
6.253705545046654
2.3387411976724013
ok
6.253705545046654
-0.9075712110370514
ok
2.326714728114215
2.3387411976724013
2.326714728114215
-0.9075712110370514
ok
3.110026118802894
2.3387411976724013
3.110026118802894
-0.9075712110370514
ok
3.1471301289562046
2.3387411976724013
3.1471301289562046
-0.9075712110370514
ok
3.149183449654963
2.3387411976724013
3.149183449654963
-0.9075712110370514
ok
3.1493110804356625
2.3387411976724013
3.1493110804356625
-0.9075712110370514
ok
3.1493201272783597
2.3387411976724013
3.1493201272783597
-0.9075712110370514
ok
3.1493208732514653
2.3387411976724013
3.1493208732514653
-0.9075712110370514
ok
3.1493209467653713
2.3387411976724013
3.1493209467653713
-0.9075712110370514
ok
3.1493209557664823
2.3387411976724013
3.1493209557664823
-0.9075712110370514
ok
3.149320957221363
2.3387411976724013
3.149320957221363
-0.9075712110370514
ok
3.1493209575671752
2.3387411976724013
3.1493209575671752
-0.9075712110370514
ok
3.1493209577225176
2.3387411976724013
3.1493209577225176
-0.9075712110370514
ok
2.38518817922167
2.3387411976724013
2.38518817922167
-0.9075712110370514
ok
2.275627610144509
2.3387411976724013
2.275627610144509
-0.9075712110370514
ok
2.2700101257751957
2.3387411976724013
2.2700101257751957
-0.9075712110370514
ok
2.267485667560903
2.3387411976724013
2.267485667560903
-0.9075712110370514
ok
2.2646910554042385
2.3387411976724013
2.2646910554042385
-0.9075712110370514
ok
2.2613800807041837
2.3387411976724013
2.2613800807041837
-0.9075712110370514
ok
2.257510781311961
2.3387411976724013
2.257510781311961
-0.9075712110370514
ok
2.2572709663879085
2.3387411976724013
2.2572709663879085
-0.9075712110370514
ok
2.2572540234912672
2.3387411976724013
2.2572540234912672
-0.9075712110370514
ok
2.257252631775458
2.3387411976724013
2.257252631775458
-0.9075712110370514
ok
2.2572524952511994
2.3387411976724013
2.2572524952511994
-0.9075712110370514
ok
2.2572524786296952
2.3387411976724013
2.2572524786296952
-0.9075712110370514
ok
2.2572524759632504
2.3387411976724013
2.2572524759632504
-0.9075712110370514
ok
2.2572524753363297
2.3387411976724013
2.2572524753363297
-0.9075712110370514
ok
2.257252475060506
2.3387411976724013
2.257252475060506
-0.9075712110370514
ok
2.2572524741189923
2.3387411976724013
2.2572524741189923
-0.9075712110370514
ok
0.7737226099238157
2.3387411976724013
0.7737226099238157
-0.9075712110370514
ok
0.6065139871022582
2.3387411976724013
ok
0.6065139871022582
-0.9075712110370514
0.5781486877058204
2.3387411976724013
ok
0.5781486877058204
-0.9075712110370514
0.5708795688163901
2.3387411976724013
ok
0.5708795688163901
-0.9075712110370514
0.5670970608210477
2.3387411976724013
ok
0.5670970608210477
-0.9075712110370514
6.064884204603185
2.3387411976724013
ok
6.064884204603185
-0.9075712110370514
ok
5.84626228573121
2.3387411976724013
ok
5.84626228573121
-0.9075712110370514
ok
5.8131056407956985
2.3387411976724013
ok
5.8131056407956985
-0.9075712110370514
ok
5.80588040311977
2.3387411976724013
ok
5.80588040311977
-0.9075712110370514
ok
