(8183, 2655)[0]
(8183, 2655)[0]
(8183, 2655)[0]
(8183, 2655)[0]
(8183, 2655)[0]
(8183, 2655)[0]
(8183, 2655)[0]
(8183, 2655)[0]
(8183, 2655)[0]
(8183, 2655)[0]
(8183, 2655)[0]
(8183, 2655)[0]
(8183, 2655)[0]
(8183, 2655)[0]
(8183, 2655)[0]
(8183, 2655)[0]
(8183, 2655)[0]
(8183, 2655)[0]
(8183, 2655)[0]
(8183, 2655)[0]
(8183, 2655)[0]
(5470, -1124)[0]
(5470, -1124)[0]
(5470, -1124)[0]
(5470, -1124)[0]
(5470, -1124)[0]
(5470, -1124)[0]
(5470, -1124)[0]
(5470, -1124)[0]
(5470, -1124)[0]
(5470, -1124)[0]
(5470, -1124)[0]
(5470, -1124)[0]
(5470, -1124)[0]
(5470, -1124)[0]
(5470, -1124)[0]
(5470, -1124)[0]
(5470, -1124)[0]
(5470, -1124)[0]
(5470, -1124)[0]
(5470, -1124)[0]
(5470, -1124)[0]
(5470, -1124)[0]
(5470, -1124)[0]
(5470, -1124)[0]
(5470, -1124)[0]
(5470, -1124)[0]
(5470, -1124)[0]
(5470, -1124)[0]
(5470, -1124)[0]
(5470, -1124)[0]
(4435, 375)[0]
(4435, 375)[0]
(4435, 375)[0]
(4435, 375)[0]
(4435, 375)[0]
(4435, 375)[0]
(4435, 375)[0]
(4435, 375)[0]
(4435, 375)[0]
(4435, 375)[0]
(4435, 375)[0]
(4435, 375)[0]
(4435, 375)[0]
(4435, 375)[0]
(4435, 375)[0]
(4435, 375)[0]
(4435, 375)[0]
(4435, 375)[0]
(4435, 375)[0]
(4435, 375)[0]
(4435, 375)[0]
(4435, 375)[0]
(4435, 375)[0]
(4435, 375)[0]
(4435, 375)[0]
(4435, 375)[0]
(4435, 375)[0]
(1939, 5806)[0]
(1939, 5806)[0]
(1939, 5806)[0]
(1939, 5806)[0]
(1939, 5806)[0]
(1939, 5806)[0]
(1939, 5806)[0]
(1939, 5806)[0]
(1939, 5806)[0]
(1939, 5806)[0]
(1939, 5806)[0]
(1939, 5806)[0]
(1939, 5806)[0]
(1939, 5806)[0]
(1939, 5806)[0]
(1939, 5806)[0]
(1939, 5806)[0]
(1939, 5806)[0]
(1939, 5806)[0]
(1939, 5806)[0]
(1939, 5806)[0]
(1939, 5806)[0]
(1939, 5806)[0]
(1939, 5806)[0]
(1939, 5806)[0]
(1939, 5806)[0]
(1939, 5806)[0]
(1939, 5806)[0]
(1939, 5806)[0]
(1939, 5806)[0]
(1939, 5806)[0]
(1939, 5806)[0]
(1939, 5806)[0]
(1939, 5806)[0]
(9574, 5765)[0]
(9574, 5765)[0]
(9574, 5765)[0]
(9574, 5765)[0]
(9574, 5765)[0]
(9574, 5765)[0]
(9574, 5765)[0]
(9574, 5765)[0]
(9574, 5765)[0]
(9574, 5765)[0]
(9574, 5765)[0]
(9574, 5765)[0]
(9574, 5765)[0]
(9574, 5765)[0]
(9574, 5765)[0]
(9574, 5765)[0]
(9574, 5765)[0]
(9574, 5765)[0]
(9574, 5765)[0]
(9574, 5765)[0]
(9574, 5765)[0]
(9574, 5765)[0]
(9574, 5765)[0]
(9574, 5765)[0]
(9574, 5765)[0]
(9574, 5765)[0]
(9574, 5765)[0]
(9574, 5765)[0]
